# Voltage (V), Field (mT), Current (A), Field (mT)
-1.000000000000000000e+01, -1.773999999999999844e+01, 3.997236713610941461e+00, 1.773999999999999844e+01
-9.899497487437185939e+00, -1.757000000000000028e+01, 3.957054696783907310e+00, 1.757000000000000028e+01
-9.798994974874371877e+00, -1.739999999999999858e+01, 3.916945785904078381e+00, 1.739999999999999858e+01
-9.698492462311557816e+00, -1.721999999999999886e+01, 3.876691726190145015e+00, 1.721999999999999886e+01
-9.597989949748743754e+00, -1.705000000000000071e+01, 3.836401907938269407e+00, 1.705000000000000071e+01
-9.497487437185929693e+00, -1.687999999999999901e+01, 3.796275652848446480e+00, 1.687999999999999901e+01
-9.396984924623115631e+00, -1.669999999999999929e+01, 3.756217770244821175e+00, 1.669999999999999929e+01
-9.296482412060301570e+00, -1.653000000000000114e+01, 3.715961621265837067e+00, 1.653000000000000114e+01
-9.195979899497487509e+00, -1.635999999999999943e+01, 3.675833798968769717e+00, 1.635999999999999943e+01
-9.095477386934673447e+00, -1.617999999999999972e+01, 3.635508236161694384e+00, 1.617999999999999972e+01
-8.994974874371859386e+00, -1.601000000000000156e+01, 3.595448263654568599e+00, 1.601000000000000156e+01
-8.894472361809045324e+00, -1.583999999999999986e+01, 3.555278904217816560e+00, 1.583999999999999986e+01
-8.793969849246231263e+00, -1.566000000000000014e+01, 3.515069052638706726e+00, 1.566000000000000014e+01
-8.693467336683417201e+00, -1.548000000000000043e+01, 3.474921788125879374e+00, 1.548000000000000043e+01
-8.592964824120603140e+00, -1.531000000000000050e+01, 3.434712468884300485e+00, 1.531000000000000050e+01
-8.492462311557789079e+00, -1.514000000000000057e+01, 3.394536285394639918e+00, 1.514000000000000057e+01
-8.391959798994975017e+00, -1.496000000000000085e+01, 3.354475806162442453e+00, 1.496000000000000085e+01
-8.291457286432160956e+00, -1.477999999999999936e+01, 3.314175513005112705e+00, 1.477999999999999936e+01
-8.190954773869346894e+00, -1.460999999999999943e+01, 3.274066655673459891e+00, 1.460999999999999943e+01
-8.090452261306532833e+00, -1.443999999999999950e+01, 3.233907313506388714e+00, 1.443999999999999950e+01
-7.989949748743718771e+00, -1.425999999999999979e+01, 3.193734826378749059e+00, 1.425999999999999979e+01
-7.889447236180904710e+00, -1.408000000000000007e+01, 3.153566023500313786e+00, 1.408000000000000007e+01
-7.788944723618090649e+00, -1.391000000000000014e+01, 3.113312025327149346e+00, 1.391000000000000014e+01
-7.688442211055276587e+00, -1.373000000000000043e+01, 3.073073281429255843e+00, 1.373000000000000043e+01
-7.587939698492462526e+00, -1.355000000000000071e+01, 3.033031232121030207e+00, 1.355000000000000071e+01
-7.487437185929648464e+00, -1.338000000000000078e+01, 2.992830885319494705e+00, 1.338000000000000078e+01
-7.386934673366834403e+00, -1.319999999999999929e+01, 2.952628963390275807e+00, 1.319999999999999929e+01
-7.286432160804020342e+00, -1.301999999999999957e+01, 2.912343949615538108e+00, 1.301999999999999957e+01
-7.185929648241206280e+00, -1.284999999999999964e+01, 2.872189890948182001e+00, 1.284999999999999964e+01
-7.085427135678392219e+00, -1.266999999999999993e+01, 2.832128921512644837e+00, 1.266999999999999993e+01
-6.984924623115578157e+00, -1.250000000000000000e+01, 2.792019570404042916e+00, 1.250000000000000000e+01
-6.884422110552764096e+00, -1.232000000000000028e+01, 2.751881296396799570e+00, 1.232000000000000028e+01
-6.783919597989950034e+00, -1.215000000000000036e+01, 2.711561058519549761e+00, 1.215000000000000036e+01
-6.683417085427135973e+00, -1.197000000000000064e+01, 2.671327072800962821e+00, 1.197000000000000064e+01
-6.582914572864321912e+00, -1.180000000000000071e+01, 2.631076260076447237e+00, 1.180000000000000071e+01
-6.482412060301507850e+00, -1.161999999999999922e+01, 2.591084725023605095e+00, 1.161999999999999922e+01
-6.381909547738693789e+00, -1.143999999999999950e+01, 2.551007468146466284e+00, 1.143999999999999950e+01
-6.281407035175879727e+00, -1.125999999999999979e+01, 2.510720373777034720e+00, 1.125999999999999979e+01
-6.180904522613065666e+00, -1.108999999999999986e+01, 2.470562130307471627e+00, 1.108999999999999986e+01
-6.080402010050251604e+00, -1.091000000000000014e+01, 2.430295024700283690e+00, 1.091000000000000014e+01
-5.979899497487436655e+00, -1.074000000000000021e+01, 2.390174125032015429e+00, 1.074000000000000021e+01
-5.879396984924622593e+00, -1.056000000000000050e+01, 2.350031138881596426e+00, 1.056000000000000050e+01
-5.778894472361808532e+00, -1.038000000000000078e+01, 2.309843451920579493e+00, 1.038000000000000078e+01
-5.678391959798994471e+00, -1.021000000000000085e+01, 2.269678906955773900e+00, 1.021000000000000085e+01
-5.577889447236180409e+00, -1.002999999999999936e+01, 2.229548548120520834e+00, 1.002999999999999936e+01
-5.477386934673366348e+00, -9.859999999999999432e+00, 2.189273038855842124e+00, 9.859999999999999432e+00
-5.376884422110552286e+00, -9.679999999999999716e+00, 2.149058537219386888e+00, 9.679999999999999716e+00
-5.276381909547738225e+00, -9.500000000000000000e+00, 2.108937649790772362e+00, 9.500000000000000000e+00
-5.175879396984924163e+00, -9.320000000000000284e+00, 2.068796779206623082e+00, 9.320000000000000284e+00
-5.075376884422110102e+00, -9.150000000000000355e+00, 2.028668532054112905e+00, 9.150000000000000355e+00
-4.974874371859296041e+00, -8.970000000000000639e+00, 1.988482435887328981e+00, 8.970000000000000639e+00
-4.874371859296481979e+00, -8.789999999999999147e+00, 1.948186425238931596e+00, 8.789999999999999147e+00
-4.773869346733667918e+00, -8.619999999999999218e+00, 1.907990865421614224e+00, 8.619999999999999218e+00
-4.673366834170853856e+00, -8.439999999999999503e+00, 1.867791099619428685e+00, 8.439999999999999503e+00
-4.572864321608039795e+00, -8.269999999999999574e+00, 1.827697569586382187e+00, 8.269999999999999574e+00
-4.472361809045225733e+00, -8.089999999999999858e+00, 1.787578271020584086e+00, 8.089999999999999858e+00
-4.371859296482411672e+00, -7.910000000000000142e+00, 1.747422685610567017e+00, 7.910000000000000142e+00
-4.271356783919597611e+00, -7.730000000000000426e+00, 1.707246064797284024e+00, 7.730000000000000426e+00
-4.170854271356783549e+00, -7.549999999999999822e+00, 1.667030001569841380e+00, 7.549999999999999822e+00
-4.070351758793969488e+00, -7.379999999999999893e+00, 1.626789221454919998e+00, 7.379999999999999893e+00
-3.969849246231155426e+00, -7.200000000000000178e+00, 1.586670454204612613e+00, 7.200000000000000178e+00
-3.869346733668341365e+00, -7.030000000000000249e+00, 1.546470171337354094e+00, 7.030000000000000249e+00
-3.768844221105527303e+00, -6.849999999999999645e+00, 1.506337206255514483e+00, 6.849999999999999645e+00
-3.668341708542713242e+00, -6.669999999999999929e+00, 1.466105896242372530e+00, 6.669999999999999929e+00
-3.567839195979899181e+00, -6.490000000000000213e+00, 1.425855128237629721e+00, 6.490000000000000213e+00
-3.467336683417085119e+00, -6.309999999999999609e+00, 1.385725846932429839e+00, 6.309999999999999609e+00
-3.366834170854271058e+00, -6.139999999999999680e+00, 1.345597092238204118e+00, 6.139999999999999680e+00
-3.266331658291456996e+00, -5.959999999999999964e+00, 1.305508307596163320e+00, 5.959999999999999964e+00
-3.165829145728642935e+00, -5.780000000000000249e+00, 1.265297511698377564e+00, 5.780000000000000249e+00
-3.065326633165828873e+00, -5.610000000000000320e+00, 1.225002570250489198e+00, 5.610000000000000320e+00
-2.964824120603014812e+00, -5.429999999999999716e+00, 1.184853833173351356e+00, 5.429999999999999716e+00
-2.864321608040200751e+00, -5.250000000000000000e+00, 1.144811856927148597e+00, 5.250000000000000000e+00
-2.763819095477386689e+00, -5.080000000000000071e+00, 1.104610529405638086e+00, 5.080000000000000071e+00
-2.663316582914572628e+00, -4.900000000000000355e+00, 1.064383958418447351e+00, 4.900000000000000355e+00
-2.562814070351758566e+00, -4.719999999999999751e+00, 1.024243637504927085e+00, 4.719999999999999751e+00
-2.462311557788944505e+00, -4.549999999999999822e+00, 9.838861147328726853e-01, 4.549999999999999822e+00
-2.361809045226130443e+00, -4.360000000000000320e+00, 9.438304663259355909e-01, 4.360000000000000320e+00
-2.261306532663316382e+00, -4.190000000000000391e+00, 9.036212514556929420e-01, 4.190000000000000391e+00
-2.160804020100502321e+00, -4.009999999999999787e+00, 8.635082788153690680e-01, 4.009999999999999787e+00
-2.060301507537688259e+00, -3.839999999999999858e+00, 8.233222043272176993e-01, 3.839999999999999858e+00
-1.959798994974873310e+00, -3.660000000000000142e+00, 7.831245597804850078e-01, 3.660000000000000142e+00
-1.859296482412059248e+00, -3.479999999999999982e+00, 7.428932567756159067e-01, 3.479999999999999982e+00
-1.758793969849245187e+00, -3.310000000000000053e+00, 7.028607488708664697e-01, 3.310000000000000053e+00
-1.658291457286431125e+00, -3.129999999999999893e+00, 6.626536376920642013e-01, 3.129999999999999893e+00
-1.557788944723617064e+00, -2.939999999999999947e+00, 6.224344303500077835e-01, 2.939999999999999947e+00
-1.457286432160803002e+00, -2.770000000000000018e+00, 5.823298718642371252e-01, 2.770000000000000018e+00
-1.356783919597988941e+00, -2.589999999999999858e+00, 5.421437965852029528e-01, 2.589999999999999858e+00
-1.256281407035174880e+00, -2.410000000000000142e+00, 5.017988952300577177e-01, 2.410000000000000142e+00
-1.155778894472360818e+00, -2.240000000000000213e+00, 4.617469271481029480e-01, 2.240000000000000213e+00
-1.055276381909546757e+00, -2.060000000000000053e+00, 4.215350810675310145e-01, 2.060000000000000053e+00
-9.547738693467326954e-01, -1.879999999999999893e+00, 3.813085089698406982e-01, 1.879999999999999893e+00
-8.542713567839186339e-01, -1.699999999999999956e+00, 3.412433917202257749e-01, 1.699999999999999956e+00
-7.537688442211045725e-01, -1.520000000000000018e+00, 3.010131371911504150e-01, 1.520000000000000018e+00
-6.532663316582905111e-01, -1.350000000000000089e+00, 2.608349474753758890e-01, 1.350000000000000089e+00
-5.527638190954764497e-01, -1.169999999999999929e+00, 2.206057435404187861e-01, 1.169999999999999929e+00
-4.522613065326623882e-01, -9.899999999999999911e-01, 1.804822474719474101e-01, 9.899999999999999911e-01
-3.517587939698483268e-01, -8.199999999999999512e-01, 1.402530421140987249e-01, 8.199999999999999512e-01
-2.512562814070342654e-01, -6.400000000000000133e-01, 1.002063278624601567e-01, 6.400000000000000133e-01
-1.507537688442202040e-01, -4.600000000000000200e-01, 5.998869098320885884e-02, 4.600000000000000200e-01
-5.025125628140614253e-02, -2.800000000000000266e-01, 1.968585527759071294e-02, 2.800000000000000266e-01
5.025125628140791889e-02, -1.000000000000000056e-01, -2.044342998222626467e-02, 1.000000000000000056e-01
1.507537688442219803e-01, 7.000000000000000666e-02, -6.065528459774970765e-02, -7.000000000000000666e-02
2.512562814070360417e-01, 2.600000000000000089e-01, -1.007177808615981329e-01, -2.600000000000000089e-01
3.517587939698501032e-01, 4.400000000000000022e-01, -1.407965815007753141e-01, -4.400000000000000022e-01
4.522613065326641646e-01, 6.099999999999999867e-01, -1.810268462873990125e-01, -6.099999999999999867e-01
5.527638190954782260e-01, 7.900000000000000355e-01, -2.213580876021119526e-01, -7.900000000000000355e-01
6.532663316582922874e-01, 9.699999999999999734e-01, -2.614731797508308975e-01, -9.699999999999999734e-01
7.537688442211063489e-01, 1.149999999999999911e+00, -3.016761006884742802e-01, -1.149999999999999911e+00
8.542713567839204103e-01, 1.330000000000000071e+00, -3.418343202979680640e-01, -1.330000000000000071e+00
9.547738693467344717e-01, 1.500000000000000000e+00, -3.819262761730091715e-01, -1.500000000000000000e+00
1.055276381909548533e+00, 1.689999999999999947e+00, -4.220897576711452048e-01, -1.689999999999999947e+00
1.155778894472362595e+00, 1.860000000000000098e+00, -4.624057555179035273e-01, -1.860000000000000098e+00
1.256281407035176656e+00, 2.040000000000000036e+00, -5.026491788164501040e-01, -2.040000000000000036e+00
1.356783919597990717e+00, 2.220000000000000195e+00, -5.427111635155510427e-01, -2.220000000000000195e+00
1.457286432160804779e+00, 2.399999999999999911e+00, -5.828052305240541964e-01, -2.399999999999999911e+00
1.557788944723618840e+00, 2.580000000000000071e+00, -6.230754801994494718e-01, -2.580000000000000071e+00
1.658291457286432902e+00, 2.759999999999999787e+00, -6.631422030298101955e-01, -2.759999999999999787e+00
1.758793969849246963e+00, 2.939999999999999947e+00, -7.035065946701576367e-01, -2.939999999999999947e+00
1.859296482412061025e+00, 3.109999999999999876e+00, -7.436127645379495554e-01, -3.109999999999999876e+00
1.959798994974875086e+00, 3.290000000000000036e+00, -7.837320840735439997e-01, -3.290000000000000036e+00
2.060301507537689147e+00, 3.470000000000000195e+00, -8.239734174507482578e-01, -3.470000000000000195e+00
2.160804020100503209e+00, 3.649999999999999911e+00, -8.641100959431681217e-01, -3.649999999999999911e+00
2.261306532663317270e+00, 3.819999999999999840e+00, -9.042699166113763454e-01, -3.819999999999999840e+00
2.361809045226131332e+00, 4.000000000000000000e+00, -9.444702346594200382e-01, -4.000000000000000000e+00
2.462311557788945393e+00, 4.190000000000000391e+00, -9.846668733863407352e-01, -4.190000000000000391e+00
2.562814070351759455e+00, 4.360000000000000320e+00, -1.024833537150499740e+00, -4.360000000000000320e+00
2.663316582914573516e+00, 4.540000000000000036e+00, -1.064921316010777996e+00, -4.540000000000000036e+00
2.763819095477387577e+00, 4.719999999999999751e+00, -1.105163189831352755e+00, -4.719999999999999751e+00
2.864321608040201639e+00, 4.900000000000000355e+00, -1.145445035376997156e+00, -4.900000000000000355e+00
2.964824120603015700e+00, 5.080000000000000071e+00, -1.185560168541119452e+00, -5.080000000000000071e+00
3.065326633165829762e+00, 5.250000000000000000e+00, -1.225714747602143939e+00, -5.250000000000000000e+00
3.165829145728643823e+00, 5.429999999999999716e+00, -1.265823048639307835e+00, -5.429999999999999716e+00
3.266331658291457885e+00, 5.610000000000000320e+00, -1.305949759112830399e+00, -5.610000000000000320e+00
3.366834170854271946e+00, 5.790000000000000036e+00, -1.346220046611844579e+00, -5.790000000000000036e+00
3.467336683417086007e+00, 5.969999999999999751e+00, -1.386346762135191701e+00, -5.969999999999999751e+00
3.567839195979900069e+00, 6.150000000000000355e+00, -1.426748533321441137e+00, -6.150000000000000355e+00
3.668341708542714130e+00, 6.330000000000000071e+00, -1.466747456961190466e+00, -6.330000000000000071e+00
3.768844221105528192e+00, 6.500000000000000000e+00, -1.506894165151291709e+00, -6.500000000000000000e+00
3.869346733668342253e+00, 6.679999999999999716e+00, -1.547044557478461257e+00, -6.679999999999999716e+00
3.969849246231156314e+00, 6.860000000000000320e+00, -1.587279624783722864e+00, -6.860000000000000320e+00
4.070351758793970376e+00, 7.040000000000000036e+00, -1.627424237679382601e+00, -7.040000000000000036e+00
4.170854271356784437e+00, 7.219999999999999751e+00, -1.667719790863369855e+00, -7.219999999999999751e+00
4.271356783919598499e+00, 7.400000000000000355e+00, -1.707819180944698978e+00, -7.400000000000000355e+00
4.371859296482412560e+00, 7.570000000000000284e+00, -1.747987994694943259e+00, -7.570000000000000284e+00
4.472361809045226622e+00, 7.750000000000000000e+00, -1.788253053813432247e+00, -7.750000000000000000e+00
4.572864321608040683e+00, 7.940000000000000391e+00, -1.828287765483477934e+00, -7.940000000000000391e+00
4.673366834170854744e+00, 8.109999999999999432e+00, -1.868438707362842566e+00, -8.109999999999999432e+00
4.773869346733668806e+00, 8.289999999999999147e+00, -1.908664332276739151e+00, -8.289999999999999147e+00
4.874371859296482867e+00, 8.470000000000000639e+00, -1.948912574745884418e+00, -8.470000000000000639e+00
4.974874371859296929e+00, 8.640000000000000568e+00, -1.989071415005480903e+00, -8.640000000000000568e+00
5.075376884422110990e+00, 8.830000000000000071e+00, -2.029244458273990581e+00, -8.830000000000000071e+00
5.175879396984925052e+00, 9.009999999999999787e+00, -2.069367543005907084e+00, -9.009999999999999787e+00
5.276381909547739113e+00, 9.179999999999999716e+00, -2.109465387230553102e+00, -9.179999999999999716e+00
5.376884422110553174e+00, 9.359999999999999432e+00, -2.149847228902217466e+00, -9.359999999999999432e+00
5.477386934673367236e+00, 9.539999999999999147e+00, -2.189973479492087094e+00, -9.539999999999999147e+00
5.577889447236181297e+00, 9.720000000000000639e+00, -2.230225953206204093e+00, -9.720000000000000639e+00
5.678391959798995359e+00, 9.900000000000000355e+00, -2.270260175828155536e+00, -9.900000000000000355e+00
5.778894472361809420e+00, 1.007000000000000028e+01, -2.310344889914835775e+00, -1.007000000000000028e+01
5.879396984924623482e+00, 1.025000000000000000e+01, -2.350607366971029233e+00, -1.025000000000000000e+01
5.979899497487437543e+00, 1.042999999999999972e+01, -2.390882469751253847e+00, -1.042999999999999972e+01
6.080402010050253381e+00, 1.060999999999999943e+01, -2.431010320099967981e+00, -1.060999999999999943e+01
6.180904522613065666e+00, 1.078999999999999915e+01, -2.471230209441531045e+00, -1.078999999999999915e+01
6.281407035175881504e+00, 1.096000000000000085e+01, -2.511295483594848221e+00, -1.096000000000000085e+01
6.381909547738693789e+00, 1.115000000000000036e+01, -2.551417560516342942e+00, -1.115000000000000036e+01
6.482412060301509626e+00, 1.133000000000000007e+01, -2.591707408411595193e+00, -1.133000000000000007e+01
6.582914572864321912e+00, 1.150000000000000000e+01, -2.631899440094819020e+00, -1.150000000000000000e+01
6.683417085427137749e+00, 1.167999999999999972e+01, -2.672090424030329814e+00, -1.167999999999999972e+01
6.783919597989950034e+00, 1.185999999999999943e+01, -2.712253538574007194e+00, -1.185999999999999943e+01
6.884422110552765872e+00, 1.203999999999999915e+01, -2.752402983485561005e+00, -1.203999999999999915e+01
6.984924623115578157e+00, 1.222000000000000064e+01, -2.792508255701688924e+00, -1.222000000000000064e+01
7.085427135678393995e+00, 1.240000000000000036e+01, -2.832738700107830354e+00, -1.240000000000000036e+01
7.185929648241206280e+00, 1.257000000000000028e+01, -2.872912349943985255e+00, -1.257000000000000028e+01
7.286432160804022118e+00, 1.275000000000000000e+01, -2.913043930882038612e+00, -1.275000000000000000e+01
7.386934673366834403e+00, 1.292999999999999972e+01, -2.953236522464691927e+00, -1.292999999999999972e+01
7.487437185929650241e+00, 1.309999999999999964e+01, -2.993498539414761073e+00, -1.309999999999999964e+01
7.587939698492462526e+00, 1.328999999999999915e+01, -3.033642755714770711e+00, -1.328999999999999915e+01
7.688442211055278364e+00, 1.346000000000000085e+01, -3.073674430532991497e+00, -1.346000000000000085e+01
7.788944723618090649e+00, 1.364000000000000057e+01, -3.113995363778744974e+00, -1.364000000000000057e+01
7.889447236180906486e+00, 1.382000000000000028e+01, -3.154176933928757531e+00, -1.382000000000000028e+01
7.989949748743718771e+00, 1.400000000000000000e+01, -3.194358508781316885e+00, -1.400000000000000000e+01
8.090452261306534609e+00, 1.417999999999999972e+01, -3.234440690206227043e+00, -1.417999999999999972e+01
8.190954773869346894e+00, 1.435999999999999943e+01, -3.274584934534685132e+00, -1.435999999999999943e+01
8.291457286432162732e+00, 1.452999999999999936e+01, -3.314692895467496569e+00, -1.452999999999999936e+01
8.391959798994975017e+00, 1.471000000000000085e+01, -3.354976517379232526e+00, -1.471000000000000085e+01
8.492462311557790855e+00, 1.489000000000000057e+01, -3.395227011515433713e+00, -1.489000000000000057e+01
8.592964824120603140e+00, 1.506000000000000050e+01, -3.435286602929572553e+00, -1.506000000000000050e+01
8.693467336683418978e+00, 1.524000000000000021e+01, -3.475491878268853085e+00, -1.524000000000000021e+01
8.793969849246231263e+00, 1.541999999999999993e+01, -3.515540961427056743e+00, -1.541999999999999993e+01
8.894472361809047101e+00, 1.559999999999999964e+01, -3.555824082663554098e+00, -1.559999999999999964e+01
8.994974874371859386e+00, 1.577999999999999936e+01, -3.596124038446783633e+00, -1.577999999999999936e+01
9.095477386934675224e+00, 1.596000000000000085e+01, -3.636165248352301926e+00, -1.596000000000000085e+01
9.195979899497487509e+00, 1.614000000000000057e+01, -3.676381067945811765e+00, -1.614000000000000057e+01
9.296482412060303346e+00, 1.632000000000000028e+01, -3.716474880108771917e+00, -1.632000000000000028e+01
9.396984924623115631e+00, 1.650000000000000000e+01, -3.756692288151289638e+00, -1.650000000000000000e+01
9.497487437185931469e+00, 1.667999999999999972e+01, -3.796860791320946227e+00, -1.667999999999999972e+01
9.597989949748743754e+00, 1.685000000000000142e+01, -3.837111868970139117e+00, -1.685000000000000142e+01
9.698492462311559592e+00, 1.703000000000000114e+01, -3.877315093672843549e+00, -1.703000000000000114e+01
9.798994974874371877e+00, 1.721000000000000085e+01, -3.917419451465177005e+00, -1.721000000000000085e+01
9.899497487437187715e+00, 1.737999999999999901e+01, -3.957432831116232563e+00, -1.737999999999999901e+01
1.000000000000000000e+01, 1.755999999999999872e+01, -3.997707597421268133e+00, -1.755999999999999872e+01
