# Voltage (V), Field (mT), Current (A), Field (mT)
-1.000000000000000000e+01, -3.762746851915405699e+01, -3.997589791880781007e+00, -3.766554250846447616e+01
-9.797979797979797567e+00, -3.686368281364816113e+01, -3.916833522361976350e+00, -3.691090795930079338e+01
-9.595959595959595134e+00, -3.610979175147728881e+01, -3.836077252843171248e+00, -3.614595198380629881e+01
-9.393939393939394478e+00, -3.534612065174081863e+01, -3.755320983324366590e+00, -3.539329651936577648e+01
-9.191919191919192045e+00, -3.459111906295414229e+01, -3.674564713805561489e+00, -3.462900934701823275e+01
-8.989898989898989612e+00, -3.382796438571804032e+01, -3.593808444286756831e+00, -3.387501095802987550e+01
-8.787878787878787179e+00, -3.307463106940646469e+01, -3.513052174767951730e+00, -3.310107737967332753e+01
-8.585858585858586522e+00, -3.231090921100952329e+01, -3.432295905249147072e+00, -3.234858349696587254e+01
-8.383838383838384090e+00, -3.154726231288843152e+01, -3.351539635730341971e+00, -3.158328045754505808e+01
-8.181818181818181657e+00, -3.079292306460860473e+01, -3.270783366211537313e+00, -3.081936154886795265e+01
-7.979797979797979224e+00, -3.002908468077021809e+01, -3.190027096692732655e+00, -3.005597669295844554e+01
-7.777777777777777679e+00, -2.926524629693183854e+01, -3.109270827173927554e+00, -2.930102849249783503e+01
-7.575757575757576134e+00, -2.850222193021600958e+01, -3.028514557655122896e+00, -2.853939979026831253e+01
-7.373737373737373701e+00, -2.774756952925506681e+01, -2.947758288136317795e+00, -2.778402615664759878e+01
-7.171717171717171269e+00, -2.698471571065551089e+01, -2.867002018617513137e+00, -2.701004044909127444e+01
-6.969696969696969724e+00, -2.622989276157830218e+01, -2.786245749098708480e+00, -2.625676765771779131e+01
-6.767676767676768179e+00, -2.546605437773991909e+01, -2.705489479579903378e+00, -2.550068897541741464e+01
-6.565656565656565746e+00, -2.470347247326167306e+01, -2.624733210061098276e+00, -2.473948331452491800e+01
-6.363636363636363313e+00, -2.394837761006314736e+01, -2.543976940542293619e+00, -2.397538419062999893e+01
-6.161616161616161769e+00, -2.318598699782231876e+01, -2.463220671023488961e+00, -2.321160619745894493e+01
-5.959595959595959336e+00, -2.243070084238638273e+01, -2.382464401504683860e+00, -2.245458462964296587e+01
-5.757575757575757791e+00, -2.166686245854799964e+01, -2.301708131985879202e+00, -2.169353476407580672e+01
-5.555555555555555358e+00, -2.090477258865566057e+01, -2.220951862467074100e+00, -2.092893556300662894e+01
-5.353535353535353813e+00, -2.014897575530841678e+01, -2.140195592948269443e+00, -2.016458891232029416e+01
-5.151515151515151381e+00, -1.939605224437690367e+01, -2.059439323429464785e+00, -1.940997079483638643e+01
-4.949494949494949836e+00, -1.862920908423529553e+01, -1.978683053910659684e+00, -1.864855297549888036e+01
-4.747474747474747403e+00, -1.786839403482844091e+01, -1.897926784391855026e+00, -1.788596627224056590e+01
-4.545454545454545858e+00, -1.710355807587832899e+01, -1.817170514873049925e+00, -1.712219619489226474e+01
-4.343434343434343425e+00, -1.635073081239219306e+01, -1.736414245354245267e+00, -1.636680380534236434e+01
-4.141414141414141881e+00, -1.558615538784092891e+01, -1.655657975835440165e+00, -1.560126090514045316e+01
-3.939393939393939448e+00, -1.482493684798877887e+01, -1.574901706316635508e+00, -1.484176201273566420e+01
-3.737373737373737903e+00, -1.406847862016416073e+01, -1.494145436797830406e+00, -1.408476566543252240e+01
-3.535353535353535470e+00, -1.330464023632577586e+01, -1.413389167279025749e+00, -1.332044295110164533e+01
-3.333333333333333037e+00, -1.254042654384541500e+01, -1.332632897760221091e+00, -1.255771043602827142e+01
-3.131313131313131493e+00, -1.178771357420066579e+01, -1.251876628241415990e+00, -1.179260601386959628e+01
-2.929292929292929060e+00, -1.102271569897526149e+01, -1.171120358722611332e+00, -1.104008915546549829e+01
-2.727272727272727515e+00, -1.026629804978002447e+01, -1.090364089203806230e+00, -1.027577129951176360e+01
-2.525252525252525082e+00, -9.506190997345488114e+00, -1.009607819685001573e+00, -9.511630683596179026e+00
-2.323232323232323537e+00, -8.741149979954629501e+00, -9.288515501661964713e-01, -8.751529719867214396e+00
-2.121212121212121104e+00, -7.983849976177532781e+00, -8.480952806473918137e-01, -7.992878687453964126e+00
-1.919191919191918672e+00, -7.231638629738395885e+00, -7.673390111285867121e-01, -7.241639682710757420e+00
-1.717171717171718015e+00, -6.464030656254759144e+00, -6.865827416097820546e-01, -6.465545002321312573e+00
-1.515151515151515582e+00, -5.706256397941942282e+00, -6.058264720909773970e-01, -5.708399181825162927e+00
-1.313131313131313149e+00, -4.942418014103557411e+00, -5.250702025721722954e-01, -4.948338369451866114e+00
-1.111111111111110716e+00, -4.183415863509462262e+00, -4.443139330533676379e-01, -4.192205579230747325e+00
-9.090909090909100598e-01, -3.418525895879123588e+00, -3.635576635345625363e-01, -3.425723924978048451e+00
-7.070707070707076269e-01, -2.660902862588407469e+00, -2.828013940157578787e-01, -2.661580622932801177e+00
-5.050505050505051940e-01, -1.901749822820938629e+00, -2.020451244969527771e-01, -1.904235528840146685e+00
-3.030303030303027612e-01, -1.143226094911636403e+00, -1.212888549781481196e-01, -1.140227812152158737e+00
-1.010101010101003283e-01, -3.793877110732509217e-01, -4.053258545934346202e-02, -3.808364756382933702e-01
1.010101010101003283e-01, 3.793877110732509217e-01, 4.022368405946163961e-02, 3.779340967468965973e-01
3.030303030303027612e-01, 1.138289056603513316e+00, 1.209799535782662971e-01, 1.141270368766115872e+00
5.050505050505051940e-01, 1.902791063235834690e+00, 2.017362230970709547e-01, 1.900159259022589531e+00
7.070707070707076269e-01, 2.660807628598233165e+00, 2.824924926158765004e-01, 2.659459311430841577e+00
9.090909090909082835e-01, 3.424238468073584230e+00, 3.632487621346811579e-01, 3.416075336515957961e+00
1.111111111111110716e+00, 4.190050165323685682e+00, 4.440050316534858155e-01, 4.181962602684792252e+00
1.313131313131313149e+00, 4.947644437711124610e+00, 5.247613011722904730e-01, 4.941178665962792316e+00
1.515151515151515582e+00, 5.707456766762962097e+00, 6.055175706910951305e-01, 5.703477212384366446e+00
1.717171717171716239e+00, 6.463947133379051024e+00, 6.862738402099006763e-01, 6.462692185958246682e+00
1.919191919191918672e+00, 7.240203335394418183e+00, 7.670301097287053338e-01, 7.230056217368606930e+00
2.121212121212121104e+00, 7.992357973504387481e+00, 8.477863792475099913e-01, 7.981814040162778845e+00
2.323232323232323537e+00, 8.750240212140797169e+00, 9.285426487663146489e-01, 8.740182557801132290e+00
2.525252525252524194e+00, 9.510511278825733328e+00, 1.009298918285120195e+00, 9.504013709093603879e+00
2.727272727272726627e+00, 1.027434966266411998e+01, 1.090055187803924852e+00, 1.026433016103326246e+01
2.929292929292929060e+00, 1.103893663774431033e+01, 1.170811457322729510e+00, 1.102076706103004256e+01
3.131313131313131493e+00, 1.179163406743694686e+01, 1.251567726841534167e+00, 1.178539149296463151e+01
3.333333333333333925e+00, 1.255586481417927658e+01, 1.332323996360338825e+00, 1.253878804450620521e+01
3.535353535353534582e+00, 1.331970319801765434e+01, 1.413080265879144370e+00, 1.330292105448881124e+01
3.737373737373737015e+00, 1.408354158185604099e+01, 1.493836535397949028e+00, 1.406579646532633987e+01
3.939393939393939448e+00, 1.483999980968066090e+01, 1.574592804916753686e+00, 1.482302513526420817e+01
4.141414141414141881e+00, 1.560121834953281095e+01, 1.655349074435558343e+00, 1.558433743769733582e+01
4.343434343434342537e+00, 1.636505673337118694e+01, 1.736105343954363889e+00, 1.634833853252247948e+01
4.545454545454544970e+00, 1.712048469370528281e+01, 1.816861613473168546e+00, 1.710153257436527596e+01
4.747474747474747403e+00, 1.788515050922538308e+01, 1.897617882991973204e+00, 1.786643156163861335e+01
4.949494949494949836e+00, 1.864728674357079896e+01, 1.978374152510777861e+00, 1.862749775514628681e+01
5.151515151515150492e+00, 1.940895702379170729e+01, 2.059130422029582519e+00, 1.939370992466968957e+01
5.353535353535352925e+00, 2.016403871700029171e+01, 2.139886691548388065e+00, 2.014770262836668380e+01
5.555555555555555358e+00, 2.092808703640149304e+01, 2.220642961067192722e+00, 2.090177359536420809e+01
5.757575757575757791e+00, 2.169259257294229570e+01, 2.301399230585997380e+00, 2.166488152532164335e+01
5.959595959595958448e+00, 2.245406091600492360e+01, 2.382155500104802037e+00, 2.242844724384143973e+01
6.161616161616162657e+00, 2.321104995951420236e+01, 2.462911769623607583e+00, 2.318275793880809132e+01
6.363636363636363313e+00, 2.397344057175503096e+01, 2.543668039142412240e+00, 2.394675199521531894e+01
6.565656565656563970e+00, 2.473787584431877207e+01, 2.624424308661216898e+00, 2.470122690554600808e+01
6.767676767676768179e+00, 2.550044230497009323e+01, 2.705180578180021556e+00, 2.546425673709855531e+01
6.969696969696968836e+00, 2.625485703204201116e+01, 2.785936847698826213e+00, 2.622757597791109418e+01
7.171717171717173045e+00, 2.700927792473013511e+01, 2.866693117217631759e+00, 2.698349386888757095e+01
7.373737373737373701e+00, 2.778270641273164188e+01, 2.947449386736436416e+00, 2.774544601053308313e+01
7.575757575757574358e+00, 2.853728489190788409e+01, 3.028205656255241074e+00, 2.850018701255889297e+01
7.777777777777778567e+00, 2.930075406886606260e+01, 3.108961925774045731e+00, 2.926314866872000309e+01
7.979797979797979224e+00, 3.005410116881497373e+01, 3.189718195292850389e+00, 3.002751568997011589e+01
8.181818181818179880e+00, 3.081798602630047768e+01, 3.270474464811655935e+00, 3.079072852898057988e+01
8.383838383838384090e+00, 3.158182441013887143e+01, 3.351230734330460592e+00, 3.154567480190620898e+01
8.585858585858584746e+00, 3.234597217270140135e+01, 3.431987003849265250e+00, 3.230949330426505384e+01
8.787878787878788955e+00, 3.309948369536951418e+01, 3.512743273368069907e+00, 3.307328668707828712e+01
8.989898989898989612e+00, 3.387328954997555286e+01, 3.593499542886875453e+00, 3.382643339392920012e+01
9.191919191919190268e+00, 3.462717000842008730e+01, 3.674255812405680111e+00, 3.458883420674767706e+01
9.393939393939394478e+00, 3.539116070049885820e+01, 3.755012081924484768e+00, 3.534342743834832135e+01
9.595959595959595134e+00, 3.614485268712702748e+01, 3.835768351443289426e+00, 3.610838031455431718e+01
9.797979797979799343e+00, 3.690874324677239571e+01, 3.916524620962094083e+00, 3.686102647015275835e+01
1.000000000000000000e+01, 3.766253148084594216e+01, 3.997280890480900073e+00, 3.762445749153552299e+01
